time,x,y,z,phi,theta,psi,x_velocity,y_velocity,z_velocity,phi_velocity,theta_velocity,psi_velocity,rotor_speed1,rotor_speed2,rotor_speed3,rotor_speed4
0.06,-1.15722762176e-06,-4.36304270256e-08,10.0007662245,6.28311174962,0.000894063548194,0.0,-8.83659585594e-05,-4.6911484179e-06,0.0255402905152,-0.00379829580087,0.0346801909325,0.0,411.7929816851106,414.84883337100547,412.04449888879395,411.70866325965005
0.12000000000000001,-3.42376922079e-05,-2.53881219749e-06,10.0057527756,6.28310756214,0.00356102476656,0.0,-0.00126695466762,-8.9657191574e-05,0.140669667117,0.00650337264803,0.0590385544703,0.0,440.1556024767063,442.1675781980059,441.767675281486,442.61615394925474
0.18,-0.000203354157342,-7.04177170392e-06,10.0185723403,0.00100701373734,0.00726860104773,0.0,-0.00476515925565,2.69851871876e-05,0.286621183587,0.0346352612407,0.0667976485178,0.0,450.7319480371012,451.3611344074382,450.3798497376005,452.6490078130254
0.23999999999999996,-0.000662512300852,2.46033205689e-05,10.0397450955,0.00280310728871,0.0111953603818,0.0,-0.0109637398309,0.00123708063416,0.419093378159,0.018316907898,0.0625969979733,0.0,447.65587913520494,447.3171206903892,447.5757395942709,446.2461556524489
0.3,-0.00159655902952,0.000168633027647,10.0704567785,0.003877172245,0.0150089333163,0.0,-0.0206042501756,0.00368825056723,0.604543296946,0.0170562422068,0.0654174719943,0.0,462.5773997579067,462.80218328783474,464.26074722707034,464.1617565840981
0.36000000000000004,-0.00314792241567,0.000471299319568,10.1090962522,0.00479435615032,0.0185801018205,0.0,-0.0314816267766,0.00649660932137,0.683388215544,0.0114885525469,0.0438552302866,0.0,431.23294885818746,429.4104861991926,431.0314889817008,430.56068002632696
0.4200000000000001,-0.00545260725766,0.000968569615642,10.1542221345,0.0057323442383,0.0215659954923,0.0,-0.0456437958716,0.0101672406277,0.820712211215,0.0228468753844,0.0595324857253,0.0,449.0850995590169,450.3562405302951,448.0808101254333,449.00301413705176
0.48000000000000015,-0.00860914222272,0.00169110945275,10.204605449,0.00706294515574,0.0250553185052,0.0,-0.0599014032516,0.0140426074666,0.858694985383,0.0208015837919,0.0552495437826,0.0,416.8767849817525,416.50501397576534,418.4361029082343,418.2580911116098
0.5400000000000001,-0.0127294922671,0.00268355957169,10.2589625442,0.00868085278119,0.028398756774,0.0,-0.0777787467252,0.0191856606206,0.953123279265,0.0370819195477,0.0566559620724,0.0,435.7457086584057,435.86541813635654,435.4650356789639,436.8247704596275
0.6000000000000002,-0.0180101359526,0.00402639266785,10.3195740536,0.0109046923442,0.0328480196279,0.0,-0.0986620488042,0.0258058988562,1.06714481251,0.0370281236548,0.0961434196838,0.0,440.8853742388956,444.13937067270183,442.2224579789774,442.2186749731706
0.6600000000000003,-0.0245637503819,0.00578633368894,10.3846145781,0.0134486679868,0.0388561131921,0.0,-0.120334777059,0.0330794269827,1.10081783381,0.0514149615122,0.107109797104,0.0,416.11553276738,417.0836325722109,416.0470282304041,417.30570223703546
0.7200000000000003,-0.0327076843433,0.00809461563205,10.4560281607,0.0170675841952,0.0459797142019,0.0,-0.151900246247,0.0442458658947,1.27941186014,0.0738973060327,0.135313812019,0.0,461.5996145922893,463.8313234223469,461.61035881308726,463.38320964355995
0.7800000000000004,-0.0427654344358,0.0111048367093,10.5349848462,0.0218471764127,0.0537453626133,0.0,-0.184136823412,0.0565458685378,1.35234407535,0.0892217358852,0.113820018853,0.0,431.705875760186,429.90425976916623,428.90256362280246,430.2072179753187
0.8400000000000004,-0.055141924925,0.0150482997997,10.622575253,0.026773027162,0.0604271257412,0.0,-0.229203248035,0.0755145631711,1.56700142324,0.0614187911209,0.105934665864,0.0,475.25734960696803,474.6627354133749,474.34310086917935,472.2081662506815
0.9000000000000005,-0.0703029551915,0.0202057013477,10.7217537391,0.0300756460237,0.0669465864637,0.0,-0.276875949046,0.0967891825896,1.73863873993,0.0375529478063,0.113608508623,0.0,462.2074594250761,462.82165307831394,462.4617039936049,460.58000023496436
0.9600000000000005,-0.0881495865352,0.0265632536829,10.826454476,0.0323546956154,0.0737102393017,0.0,-0.318616988366,0.115328702413,1.75131075866,0.0388327213866,0.110906434351,0.0,411.95903783963246,411.73245352046985,412.0293150365901,412.1432526088456
1.0200000000000005,-0.109052572993,0.0342619139285,10.9376140756,0.0350739404315,0.0810685425281,0.0,-0.378955304857,0.141578294616,1.95359943642,0.0558734867173,0.139344433524,0.0,471.8565860291113,474.05886914931176,470.422369354097,471.74099393922876
1.0800000000000005,-0.133683857136,0.0435716885316,11.0600044935,0.0383990691143,0.0895143921525,0.0,-0.443011094891,0.16910883584,2.12566658315,0.0544939688327,0.143459329544,0.0,463.678231522432,464.01887056822505,463.968230730138,463.86184674656477
1.1400000000000006,-0.162547587146,0.0546911289826,11.1948289319,0.0413984623058,0.0978245234329,0.0,-0.520116065071,0.201903533264,2.36787498821,0.0389793995892,0.126085596921,0.0,485.4699760171286,484.1805380914192,486.6000458328651,485.43860662609467
1.2000000000000006,-0.19615754797,0.0678131147069,11.3433254681,0.0439712234749,0.105404563154,0.0,-0.601072269772,0.235763739501,2.58141927862,0.0497165252279,0.126825720291,0.0,479.46782999504785,479.5373154455297,476.718501169304,477.53906924685
1.2600000000000007,-0.234686465281,0.0829794015769,11.503473905,0.046788308533,0.113008871674,0.0,-0.684044202004,0.270082980204,2.75631323205,0.0407536778861,0.126563594135,0.0,467.3460035608095,467.3393537932628,469.1733085093533,468.4781109865374
1.3200000000000007,-0.278381934036,0.10027064884,11.6741889389,0.049289035189,0.12161087781,0.0,-0.77335571393,0.30654323144,2.93358419607,0.0434671235103,0.16477580233,0.0,468.3725489072881,471.3519586617979,469.91133630443846,470.12245452323964
1.3800000000000008,-0.326982645817,0.119541163465,11.8501935447,0.0518245384471,0.131388667422,0.0,-0.847528273371,0.336022549343,2.93307716003,0.0397249345638,0.159071949081,0.0,414.6522447129888,414.1782474545032,415.2318039580793,414.90448400157373
1.4400000000000008,-0.380668711674,0.140804162626,12.0295862959,0.0549540325215,0.140554618852,0.0,-0.942947508689,0.373011070851,3.04618084961,0.0695867949628,0.135570804563,0.0,452.8894167239971,451.0163990995617,450.9292772522042,453.33673631025226
1.5000000000000009,-0.440028388758,0.164262480493,12.2140506631,0.0589028100282,0.148588931481,0.0,-1.03646363697,0.409302185973,3.10228648657,0.0569356743756,0.13035078721,0.0,435.35298263620354,434.93291696601455,435.3548498466173,434.2982709342933
1.560000000000001,-0.506141831708,0.190358412844,12.4083635538,0.0624519208976,0.156202203106,0.0,-1.16818808287,0.460943596154,3.37377549193,0.0632501361055,0.118871811561,0.0,500.53508449807015,499.71164566867907,501.2173242670109,501.6780387962832
1.620000000000001,-0.578973566195,0.219094873027,12.6102454245,0.0657392643729,0.163418017322,0.0,-1.26015893487,0.497237173287,3.35548710403,0.0268103263154,0.122908639619,0.0,412.94775623890297,413.31794582090936,414.80313208108697,411.5924659836973
1.680000000000001,-0.657425764969,0.25004576004,12.810850901,0.0672964617116,0.170811769538,0.0,-1.35555307045,0.534580480171,3.33124589734,0.0241818930717,0.123862112921,0.0,411.6169837919878,411.71644614438407,411.30399905667645,411.0713244340889
1.740000000000001,-0.741746342546,0.283266741217,13.0100634589,0.0689155923857,0.178225107888,0.0,-1.45577811806,0.572901738134,3.30903691766,0.0320730357771,0.122936172817,0.0,412.6571548497559,412.5905408004399,411.8472614465393,412.544892385895
1.8000000000000012,-0.832421836089,0.318893767624,13.2090733539,0.0711464108984,0.185124584444,0.0,-1.5673886187,0.614830099829,3.32435188261,0.0458182580698,0.0901798642524,0.0,426.87399563283185,424.0812827164492,424.88512604902706,426.06268036332045
1.8600000000000012,-0.930062313111,0.357131627878,13.4097377411,0.0741070928308,0.190598096866,0.0,-1.68779393122,0.660003441226,3.36411935478,0.0555982531225,0.0932365599267,0.0,434.29947902524964,434.56298961596224,433.4977655970082,434.32040782005475
1.9200000000000013,-1.03558713349,0.398345760713,13.61557994,0.0772983294525,0.196764638492,0.0,-1.83026727682,0.714094331753,3.49659255444,0.0478694854156,0.117096849575,0.0,463.5536784372136,465.4333659839589,464.54011424609973,463.9353576211961
1.9800000000000013,-1.14942163454,0.442721335687,13.8274229413,0.0811048308484,0.203740689214,0.0,-1.9648676306,0.765381486846,3.56431648309,0.0838107492493,0.114556664241,0.0,446.08058538162896,445.88513951055796,443.63944890647815,446.58360582519714
2.0400000000000014,-1.27091961217,0.490032121709,14.040617332,0.0862093868989,0.210592273179,0.0,-2.08567520981,0.812048289267,3.541938055,0.0874917464365,0.1134564647,0.0,416.7967810738898,416.71318036534734,416.73116316247587,417.0592856398221
2.1000000000000014,-1.39955571971,0.54013168199,14.2513402214,0.0920815069833,0.217195420847,0.0,-2.20278700059,0.858364710415,3.48205349831,0.113131184636,0.102194150671,0.0,403.8135384909714,402.80821617935965,404.0538893909211,406.3678912305457
2.1600000000000015,-1.53697507446,0.593793588786,14.4658077835,0.0988493482717,0.223292532138,0.0,-2.37843823632,0.931042156892,3.66581561511,0.112121816037,0.100442642159,0.0,482.66428048238555,482.5401155498313,484.3133829066783,484.24761632662023
2.2200000000000015,-1.68355519488,0.651297207916,14.6845721867,0.105427935359,0.229497362333,0.0,-2.50812242869,0.986262319458,3.6261140401,0.104162511706,0.108773273777,0.0,412.7580413787206,413.50280824793373,415.14475358390536,414.4572322701836
2.2800000000000016,-1.83903915994,0.712671211651,14.9051687406,0.111437672381,0.236685984262,0.0,-2.67531981529,1.06007403168,3.72628459228,0.0906466601107,0.135786424521,0.0,460.1501631981741,462.2957511347685,460.67862106802244,459.61677430545905
2.3400000000000016,-2.00406717388,0.778285346225,15.1290349909,0.117099272168,0.244532904988,0.0,-2.82633764573,1.12749312635,3.73541730571,0.100904666019,0.118211801773,0.0,433.6735473954268,432.2106829141433,432.6734513799884,433.54405719871244
2.4000000000000017,-2.17797333849,0.847882924341,15.3520679817,0.123007667755,0.251662021576,0.0,-2.97117857997,1.19287123026,3.6986948366,0.0931079706723,0.120004290705,0.0,418.12135998448485,418.2911730909926,419.21161142166517,418.5424514135266
2.4600000000000017,-2.36102179998,0.921643523072,15.5740608114,0.128797197407,0.259206635722,0.0,-3.13110938176,1.26624125514,3.70054869412,0.102517845997,0.135269744696,0.0,431.91868741954926,433.2190585795436,432.0418511159604,432.8427722729382
2.520000000000002,-2.55445891077,1.000211367,15.7984784168,0.134753437863,0.267215924648,0.0,-3.31753196875,1.35315890379,3.77911978491,0.0918300319736,0.129667504132,0.0,459.42801934340184,458.999342010165,458.9048196130882,458.06367998869945
2.580000000000002,-2.75867615529,1.08381314622,16.0254377466,0.13982076792,0.274965484534,0.0,-3.49041289188,1.4339436135,3.78557298748,0.0625979715343,0.128124229551,0.0,437.72617733814417,437.61326202264155,438.1273358096203,435.69551843893447
2.640000000000002,-2.97331668448,1.17228133975,16.2523403448,0.14380026706,0.28237091539,0.0,-3.66496179506,1.51523268879,3.77729083424,0.0728924611592,0.111818287937,0.0,434.6808115172487,433.32608740441026,432.9841989491875,433.85288117267424
2.700000000000002,-3.19770913573,1.26525506978,16.4757294489,0.147947173574,0.289120988629,0.0,-3.81543644429,1.58416034808,3.66890862027,0.0602283450356,0.113832060847,0.0,399.30720422121544,399.50369797744327,400.4121829190982,399.26239625268425
2.760000000000002,-3.43283736133,1.36319444567,16.6978033266,0.151236588244,0.29628301619,0.0,-4.02280698701,1.68066004686,3.73262954082,0.0409085378129,0.128608282792,0.0,458.06012511010016,459.2460304017676,460.340068540189,458.8104001812391
2.820000000000002,-3.67942749845,1.46640107233,16.9199199792,0.153280946218,0.304366134151,0.0,-4.1976001557,1.75965003935,3.67087148875,0.0146648560441,0.144754830487,0.0,417.76260590470605,419.18611847840674,420.4557950642109,418.17610767739075
2.880000000000002,-3.93685845185,1.57445160706,17.1388735625,0.153954222115,0.312654207819,0.0,-4.38421659093,1.84198006304,3.62707801967,0.00324791257296,0.119668485631,0.0,427.4234759923172,425.2979741997695,426.45318946031296,425.4766007771318
2.940000000000002,-4.20773341106,1.68841670224,17.3614767378,0.153853350518,0.320105493975,0.0,-4.64557172958,1.95658753354,3.79153872338,-0.014027090389,0.131960085896,0.0,494.7715228945264,495.6879224442073,494.6792368422357,493.4054071945329
3.000000000000002,-4.49381232717,1.80891545837,17.591840656,0.152995667636,0.327910961244,0.0,-4.89107827801,2.05970828953,3.88602864695,-0.0148353921633,0.126068064058,0.0,475.6297350806148,475.19249262328515,477.08989397960505,477.02829184213476
3.0600000000000023,-4.79260180699,1.93457403745,17.8213888019,0.152423552104,0.335602654838,0.0,-5.06934221289,2.12878203482,3.76541502686,-0.000619185730981,0.13213731647,0.0,405.038941006842,405.6012346770464,405.95045570283804,407.2244661707767
3.1200000000000023,-5.10389235259,2.06506775684,18.0483084467,0.152223638481,0.34378806431,0.0,-5.30773427902,2.2207854161,3.79754500929,-0.00940023972129,0.143844885344,0.0,459.0782755082543,460.0228877483574,459.7232686623363,459.0269128433816
3.1800000000000024,-5.4300412918,2.20120229561,18.2780538938,0.151513653611,0.352895575223,0.0,-5.56466821693,2.31671497379,3.85935446758,-0.0172065301505,0.16421201171,0.0,470.8783604973401,472.47148806251676,471.3913218935413,470.78773209809555
3.2400000000000024,-5.77282226726,2.34345322843,18.5140553996,0.150667921851,0.362743808375,0.0,-5.86215641572,2.42452847187,4.00547137581,-0.00850469464225,0.163987418668,0.0,500.24567081632404,500.2517105520008,500.2904283429385,500.9238490052489
3.3000000000000025,-6.13067089951,2.49092915921,18.7508206896,0.150519143497,0.372476304102,0.0,-6.06704996865,2.49118532085,3.88627168172,0.00744984791747,0.158394319952,0.0,417.09639331424046,416.6344621856745,415.9764644841227,417.3716338219131
3.3600000000000025,-6.50145969406,2.64255444482,18.9815052439,0.150612851318,0.381616698042,0.0,-6.29345049661,2.56284648956,3.80252486211,-0.0140767833931,0.136112302044,0.0,431.8273881639732,429.9655736215868,431.27569007954014,429.4532192350066
3.4200000000000026,-6.88706453644,2.79883784429,19.2096284332,0.150252263736,0.389279207683,0.0,-6.56076592979,2.64630779884,3.80043856728,0.00657164391216,0.10014435177,0.0,460.7507972779208,457.9113380879819,460.31741676351413,461.9489366481608
3.4800000000000026,-7.28795640913,2.95975554733,19.4352684737,0.151146385483,0.395213068137,0.0,-6.80298422844,2.71750311378,3.72024907281,0.027805186657,0.0962820398116,0.0,436.48773367124545,436.17381277004733,434.80884517346084,436.5844394859712
3.5400000000000027,-7.70345997064,3.12490644299,19.6558207172,0.152544260658,0.40101259297,0.0,-7.04783181309,2.78747866221,3.63084529306,0.0122745038861,0.0974011507988,0.0,433.8074754996461,433.9096859298572,435.46363945106907,434.16229401793106
3.6000000000000028,-8.13377080901,3.29423187365,19.8708145917,0.154141000676,0.407082058444,0.0,-7.29659277142,2.85662406555,3.53495574854,0.0458763374213,0.107769527032,0.0,432.4422600300281,433.3240620150242,432.90873644642903,435.72781556107356
3.660000000000003,-8.5814801877,3.46852568776,20.0852176225,0.156540505673,0.414089892502,0.0,-7.62756348612,2.95307261302,3.60994526115,0.024372691971,0.130523887707,0.0,491.36813625874817,493.06293852401984,493.38867353663784,491.79879046368893
3.720000000000003,-9.04804498846,3.64818140811,20.3012440385,0.157775141885,0.421571043437,0.0,-7.92530575673,3.03527303195,3.58954823988,0.0116350737246,0.109253914354,0.0,466.5543089108042,464.9033728610658,465.96928323143493,464.97219083598355
3.780000000000003,-9.53237199683,3.8326441037,20.5152404775,0.158335756954,0.428141297781,0.0,-8.21962283464,3.11326280468,3.54246765337,0.00431387124524,0.109999814403,0.0,459.30964397029123,459.3789633061825,460.2729517251026,459.6929057257041
3.840000000000003,-10.0341461124,4.02161713221,20.725403699,0.159338796062,0.434885594048,0.0,-8.50694801607,3.18563890431,3.46191264427,0.0341201278181,0.116823084085,0.0,450.43743690092833,451.0000374745811,449.98676530699737,452.39377267392035
3.900000000000003,-10.553822624,4.21507280855,20.9315829224,0.161199808008,0.442352084107,0.0,-8.81633683951,3.26273537532,3.40932659393,0.0239495382854,0.136453810673,0.0,461.688293303535,463.24811253044527,464.2357175018477,463.43705249225366
3.960000000000003,-11.0919720526,4.41303670662,21.1338096779,0.162976523323,0.450239814044,0.0,-9.12279876104,3.33587892923,3.33020571342,0.0390378943756,0.11893329667,0.0,458.65510453772043,457.27624031327656,456.2243817974898,457.42808019264913
4.020000000000002,-11.6487307081,4.61537629386,21.3311320141,0.165540850514,0.457786824554,0.0,-9.43661880151,3.40864753789,3.24581977662,0.0492667320884,0.136808966266,0.0,458.6448819281636,460.07645070134316,457.6972078055777,458.51172983117704
4.080000000000001,-12.2242210985,4.82196922298,21.5225757578,0.168287690507,0.467399967961,0.0,-9.74730128977,3.47766201223,3.13420483398,0.0376950666727,0.186456448295,0.0,449.8805066906671,453.90572713521493,453.89809835619775,452.9693669695092
4.14,-12.81831143,5.03259432932,21.7065655004,0.170374755803,0.478391028883,0.0,-10.0567219595,3.54297432428,2.99728852844,0.0282156611104,0.175684178533,0.0,448.088654780239,447.24395590984113,447.4351771530071,446.6630234391838
4.199999999999998,-13.4320034443,5.24736509549,21.8836101225,0.171917524094,0.489261892429,0.0,-10.4005903619,3.61574299835,2.9022898704,0.0201681042429,0.190364147268,0.0,465.39922770567307,466.5770069078861,465.78786418089,465.1579796454031
4.259999999999997,-14.0655923612,5.46613982841,22.0528631143,0.172743080271,0.50067466488,0.0,-10.7201019267,3.67644108384,2.73792703441,-0.00387568842115,0.189909089075,0.0,446.54165718542333,446.53954572996344,445.90617151251257,443.9369117490747
4.319999999999996,-14.7209441171,5.6892288679,22.2161939923,0.172480264679,0.511714713757,0.0,-11.1257156252,3.75925381598,2.70373331737,-0.0054090592182,0.168323423796,0.0,496.4131015833185,494.85476312265354,493.66453540403984,493.55142775604935
4.379999999999995,-15.3991054595,5.91665392878,22.374001476,0.172053713654,0.521870250369,0.0,-11.4806527085,3.82112076734,2.5546828565,-0.0107469930395,0.171064774232,0.0,460.9454482218351,461.18840622361375,461.7254384848628,461.3040901809054
4.439999999999993,-16.0984239535,6.14759420822,22.5219076811,0.17140361984,0.531923112201,0.0,-11.8310368075,3.87642972152,2.37379938725,-0.0110112865103,0.159388231793,0.0,454.55784264116727,453.64692687173186,454.5684021087172,454.54734335377566
4.499999999999992,-16.8175796423,6.3813547223,22.6562682351,0.170630816379,0.541671334658,0.0,-12.1421637064,3.91524351252,2.10379524745,-0.0169071823352,0.168007730609,0.0,424.6364504303121,425.40187947130227,425.2655116480564,424.76009502908323
4.559999999999991,-17.5575484174,6.61789677818,22.7772499394,0.169443216423,0.551401125273,0.0,-12.5245216921,3.96894642195,1.92687115117,-0.0263003863656,0.146714851535,0.0,464.1848940261647,462.5338564507994,463.0799616210417,462.34025941396214
4.6199999999999894,-18.3226659556,6.85809162107,22.8903805186,0.167486880223,0.560797218857,0.0,-12.980136038,4.03679085386,1.84121487173,-0.0498243321477,0.171312108569,0.0,499.01664984565537,500.8293148764275,500.43552990802937,498.71933911600314
4.679999999999988,-19.1107290841,7.10099713499,22.9906582924,0.164655856341,0.570822099957,0.0,-13.2902761556,4.05965431564,1.50038135818,-0.04236754822,0.156903081167,0.0,413.1688712218296,411.9248820535053,412.20642128361885,412.863609170864
4.739999999999987,-19.9189333832,7.34549656174,23.0721095177,0.161831531457,0.580123180112,0.0,-13.6513497731,4.08981590467,1.21306523316,-0.0587005833941,0.15095846858,0.0,436.5791302550754,436.1058278676408,437.94274410003845,436.580085521816
4.799999999999986,-20.750234462,7.59197384149,23.1376841416,0.158236569989,0.588681304737,0.0,-14.0600371316,4.12543541677,0.970619725701,-0.062463822606,0.115594588926,0.0,459.79416018119963,457.0002778402052,458.110487453123,457.8086183634721
4.859999999999984,-21.6038087629,7.83986385591,23.1845547781,0.154467307587,0.595497068082,0.0,-14.3944811734,4.13717503001,0.590787766491,-0.063544874363,0.109269490128,0.0,409.1990743641039,408.6480630956021,409.49693304511277,409.3974898619563
4.919999999999983,-22.4818358049,8.08927271954,23.2142036088,0.150558174194,0.602320502805,0.0,-14.8743543416,4.17568520136,0.394772311816,-0.0685762639047,0.121399290407,0.0,482.03494212918,482.9613504580432,483.79141198172874,483.4095314191024
4.979999999999982,-23.3850037544,8.33998800717,23.2259116228,0.146120869158,0.609883759676,0.0,-15.2334531841,4.18106573752,-0.00578651079418,-0.0877778033638,0.134026798786,0.0,410.20313751804684,411.33924094194276,412.1191953547065,410.4127418647812
5.0399999999999805,-24.312831387,8.59148569797,23.2170658161,0.14096352383,0.617940449639,0.0,-15.6958510454,4.20146533691,-0.29169527171,-0.082542412288,0.134775677495,0.0,460.38814558590815,460.4633492143348,460.75959448056864,461.1676684809476
5.099999999999979,-25.2673440806,8.84378556532,23.1885600071,0.135879186381,0.626834266171,0.0,-16.1233346718,4.20794989642,-0.660754084998,-0.089536605456,0.166648323376,0.0,434.62503882606154,437.30959446285823,434.9797976522461,434.3873345716919
5.159999999999978,-26.2486476032,9.09648729383,23.1384038765,0.130150318773,0.636647473383,0.0,-16.5887540926,4.21476485952,-1.01402031022,-0.111309490785,0.156517663087,0.0,448.97988928272844,448.18202045769993,448.76680378303314,446.98725478083054
5.219999999999977,-27.2575996108,9.34934064234,23.0655348722,0.123204805441,0.645726206752,0.0,-17.0453036435,4.21306425358,-1.4176653182,-0.126593798826,0.138085474719,0.0,436.7160994896368,435.1970631336671,436.686180388513,435.3963299281771
5.279999999999975,-28.2971643595,9.6024077238,22.9714772804,0.115184652524,0.653848183595,0.0,-17.6088179244,4.22163806624,-1.72148672284,-0.15410847478,0.129289657362,0.0,482.92036014746515,482.2714618072257,482.62546005630384,480.5278873553811
5.339999999999974,-29.3693716924,9.85558050634,22.8563450469,0.106397698488,0.661329696118,0.0,-18.1340221153,4.21677172429,-2.11963603028,-0.134387701002,0.113404077083,0.0,456.01957987608955,454.7618949108656,456.2249259382391,457.7777416075473
5.399999999999973,-30.4754154613,10.1085682006,22.7188977324,0.0979497490883,0.669904346551,0.0,-18.7364035727,4.21536162546,-2.46636306923,-0.158413754647,0.17264030843,0.0,483.65608160450574,488.1137423618938,484.9945080916018,483.1687129716952
5.4599999999999715,-31.616304878,10.3610975694,22.5574988049,0.0891242690794,0.680226529428,0.0,-19.2959256826,4.2016719156,-2.91793394086,-0.130816137464,0.170802133835,0.0,456.99050147591083,456.8714190046255,455.91381926802654,458.09426750839947
5.51999999999997,-32.7905070807,10.6126001835,22.36710878,0.0816594675584,0.690600348707,0.0,-19.8471674102,4.18128392695,-3.43274181762,-0.113981108711,0.176782846053,0.0,442.98146694755746,443.5019909954313,443.26315879287864,444.63088369138006
5.579999999999969,-34.0023839864,10.8631745267,22.1497027271,0.0756156253278,0.701270902066,0.0,-20.5509034337,4.17049478716,-3.82054295529,-0.0825039044057,0.179879026645,0.0,504.34591162292105,504.5959437716807,504.491011327153,506.75170992915184
5.639999999999968,-35.2539458747,11.1127035521,21.904186953,0.0702491720301,0.7120755959,0.0,-21.170892505,4.14670177983,-4.36888151201,-0.109273983981,0.180473099228,0.0,460.51695948562775,460.5940554085227,461.06028493637376,458.93258477187595
5.699999999999966,-36.54290707,11.3606845593,21.6241047209,0.0647232191991,0.722956350063,0.0,-21.7979317527,4.11896936784,-4.97302395656,-0.0703773855322,0.183034246582,0.0,453.9090246910186,454.1456459230665,451.1481968631129,454.27171400757214
5.759999999999965,-37.8713587939,11.6070126131,21.3078594068,0.0608171704171,0.733580340903,0.0,-22.4871541852,4.09155870354,-5.57530113401,-0.0562220561953,0.161168079457,0.0,471.18975240420417,469.5234026404258,471.17712050439553,472.26781567234315
5.819999999999964,-39.2393367879,11.8514465094,20.9512666458,0.0572429960159,0.743508561454,0.0,-23.1166912836,4.05597035756,-6.31725550086,-0.0672804019401,0.172914273469,0.0,430.97666086838126,431.99576992442155,432.3388654197206,431.40295556931926
5.879999999999963,-40.6473099884,12.0937713439,20.5502428031,0.0536344776299,0.754058387445,0.0,-23.8202135816,4.02122445713,-7.05764494506,-0.0487363653378,0.181096770823,0.0,450.3252053536806,451.01617810484885,451.90879516965174,453.39929215693314
5.939999999999961,-42.0956391175,12.3337929117,20.1002899844,0.050535836276,0.764772306952,0.0,-24.4629676943,3.97928410891,-7.94789926301,-0.0582039203719,0.172958692256,0.0,408.3012356930627,407.6079534201061,407.54353421337476,406.6938889160658
5.99999999999996,-43.5837769817,12.5712629029,19.5955043448,0.046838953264,0.774707486116,0.0,-25.1478077071,3.93622212705,-8.88623216757,-0.0694952616993,0.143766839394,0.0,409.4150673556675,406.8360087773809,410.0109820572416,409.00283758757246
6.059999999999959,-45.1150429005,12.8061553247,19.033483054,0.0433882367162,0.783241727412,0.0,-25.9014512493,3.89338819287,-9.8567201491,-0.0405404080574,0.138992157682,0.0,420.9108067513113,420.51722730026626,418.4597852370934,420.9714476998857
6.1199999999999575,-46.69530159,13.0385413284,18.4136471557,0.0409756634763,0.791357561861,0.0,-26.7809989735,3.85252614181,-10.8153066466,-0.0395560931698,0.126520419017,0.0,454.7569452742075,453.77265630052085,455.5544288786394,455.6323879506523
6.179999999999956,-48.3269386772,13.2683012017,17.7311502602,0.0390879329481,0.79849051493,0.0,-27.6160892568,3.80591021199,-11.9454249532,-0.0188499945695,0.0957215078278,0.0,412.55824342281204,409.84151588147546,408.9619096848592,410.80271922909463
6.239999999999955,-50.0141116838,13.4953404025,16.9819302176,0.0377181970425,0.804054983936,0.0,-28.6328079347,3.76167534682,-13.0417575987,-0.0322914065035,0.0859971242622,0.0,462.32906502942546,461.56869222288464,462.99529606604074,461.9359491700646
6.299999999999954,-51.7638037828,13.7196309613,16.1635954487,0.0357056600548,0.808835077818,0.0,-29.7018862538,3.71436878175,-14.2506054839,-0.0361687951579,0.0623665353676,0.0,454.77561935732206,452.8825915137059,454.3074909901989,453.9958947886274
6.359999999999952,-53.5802315434,13.9410261706,15.2697484773,0.033346212999,0.812772151494,0.0,-30.8594683093,3.66520475031,-15.5605969508,-0.046527112995,0.0714327122902,0.0,455.82715680866033,456.55453538398734,454.5175978997681,453.6854486848407
6.419999999999951,-55.4655509922,14.1593150777,14.290537928,0.0309915364963,0.816956047444,0.0,-32.0012394679,3.61095054164,-17.0974519049,-0.0276519306127,0.0660937272125,0.0,403.00872139332125,402.52977268331665,402.3180445297383,404.02352130446263
6.47999999999995,-57.425162293,14.374371065,13.217418656,0.0291493946547,0.820796429722,0.0,-33.3376288135,3.55725190301,-18.6945838246,-0.0376320378478,0.0594679176796,0.0,437.13256700096184,436.5828089652985,437.6432566250557,436.81093934123686
6.5399999999999485,-59.4706375001,14.5861913599,12.0454941636,0.0265300914083,0.824136802301,0.0,-34.8660462483,3.50318360493,-20.3950330546,-0.0597869199259,0.0467351088767,0.0,462.2934561544509,461.29045068820886,462.0288688600674,460.27674556552853
6.599999999999947,-61.6129033545,14.7947539013,10.7665706715,0.0225670191765,0.827457882739,0.0,-36.5678235795,3.44899078534,-22.2657169559,-0.0831018172276,0.0685958034921,0.0,466.6690887226688,468.37510192881126,470.367990788043,468.5547423291493
6.659999999999946,-63.8576856817,15.0000186292,9.36440698358,0.017304619639,0.831203647576,0.0,-38.2890098343,3.39390196005,-24.5073174571,-0.0990206477242,0.0457567139307,0.0,397.06993394912695,394.9708925068189,396.9717745996989,395.49976092466807
6.719999999999945,-66.2138559469,15.2021883268,7.82166462653,0.0112239688557,0.833457855506,0.0,-40.2871119657,3.34636252542,-26.9586806509,-0.106446778685,0.0113188002031,0.0,419.06514465235637,416.0596516910498,419.392228343983,418.73671170925275
6.779999999999943,-68.700507233,15.4018270635,6.12516453564,0.00515016810285,0.833867614458,0.0,-42.6468732818,3.31000217537,-29.6413127946,-0.0924391504039,-0.00414209537911,0.0,453.9675486301768,452.7244635476058,453.56980269837675,454.6852860402672
6.839999999999942,-71.3391565935,15.5996548677,4.25723129046,0.000220037641657,0.833568990791,0.0,-45.3645608689,3.28617310125,-32.6842285607,-0.0670225713562,-0.00670168343147,0.0,460.29796306664286,460.09533834448064,458.1000864165607,460.11226249186205
6.899999999999941,-74.1519449201,15.7964415223,2.19216872818,6.27937868103,0.832995095858,0.0,-48.465873279,3.27542798277,-36.2268619262,-0.0672885475615,-0.0160141224223,0.0,441.47204788395334,440.70266233885894,442.0327000455202,442.00738040039687
6.95999999999994,-77.1643295068,15.9930577923,0.0,6.27538304938,0.832380730744,0.0,-52.0374974657,3.28128690718,-40.4090761297,-0.0652401368004,-0.000655715509343,0.0,410.4965655845307,411.8581287735782,408.9096677974478,409.088499931682
