Episode,Reward,Action,Best_Score,Position_x,Position_y,Position_z
1,6358.595202623323,"[-3.1879577680292508, -0.64331189774878217, 7.7859023990738141, -2.0648690114497623]",6358.595202623323,-0.008498709805809928,0.0028340496413497723,0.0
2,6358.595811868027,"[-3.2035673887586662, -0.059707064540423543, 7.3323170873580059, -1.3121533058505508]",6358.595811868027,-0.008666592151493454,0.002946604760994238,0.0
3,6358.597753277893,"[-1.5659928620228358, 1.6784045984097939, 9.4016758421832218, -0.72985158600833921]",6358.597753277893,-0.008795896810158353,0.0040155054640479354,0.0
4,6635.2677785735195,"[29.796404458098742, 57.888987626704463, 73.773505425256232, 38.060171526083806]",6635.2677785735195,-0.05987492574096425,0.040794118410507625,0.0
5,6925.9414319299585,"[126.88888819022416, 162.78431111926218, 176.57740646157586, 142.33497104736213]",6925.9414319299585,-0.2364256457478656,0.13396670591197493,0.0
6,10396.510624099987,"[453.40753451945835, 483.59815186142208, 495.42558457532198, 467.36546451713224]",10396.510624099987,3.680373709610211,-6.656896467106028,0.0
7,148725.93967799135,"[900.11452019176124, 900.2931171687635, 899.78786510730879, 900.67182182467661]",148725.93967799135,-22.706127694935585,66.14957331615342,69.2131405485156
8,122671.46361008628,"[899.72794536271294, 899.92393412024694, 900.1480397608608, 899.57682663868934]",148725.93967799135,-5.4928430918130005,0.8960716411861774,144.81547431208722
9,124175.97777072756,"[899.5007777097569, 900.43136915979187, 900.50304269600997, 899.8464373825849]",148725.93967799135,-31.256101857324598,-20.46665197115499,131.00860797259017
10,127825.53763225162,"[899.49415494347284, 900.72302541767112, 899.90876526064267, 899.93194709607997]",148725.93967799135,49.1749303239779,-85.00153315015822,92.76614040458547
11,122946.85887896194,"[899.72374484778175, 899.76841968229098, 899.77681292046123, 899.88747649152992]",148725.93967799135,25.373873052619526,22.195105989313674,141.35094052847344
12,125320.97624733063,"[900.37176781565654, 900.3211354451762, 899.75192430878894, 899.74520348009946]",148725.93967799135,-41.19044522999032,-37.71119960297974,121.36417226490254
13,125601.69818029243,"[899.82295727457642, 899.55989583477992, 900.1848200932277, 900.35904479727105]",148725.93967799135,6.859304244936693,-54.16399350492323,119.19653955001408
14,123369.94520870442,"[899.65854296930786, 899.84081815070726, 900.15045902195152, 900.7422212254661]",148725.93967799135,14.124870807120942,1.0081186987023594,138.25672387902395
15,122377.74716040447,"[899.84894777581576, 899.9144431334239, 900.41010364332328, 900.21367544172585]",148725.93967799135,14.809356346716429,0.22625107659925384,144.79652006866905
16,123800.54864150906,"[900.04215251085213, 899.9894642429208, 899.86254352689275, 899.74270710604515]",148725.93967799135,-3.553223301504238,-27.663053261702427,134.28863291099898
17,123240.34849119085,"[900.10468337883344, 899.88803627705306, 900.05871388594664, 900.45976810734794]",148725.93967799135,-7.963429592355912,12.336795048305458,138.59287908651152
18,124878.30570397552,"[900.43969722840018, 899.9213742590315, 900.30572544899553, 899.20934047018045]",148725.93967799135,-15.968141467159471,-52.560770106454015,125.73832004727667
19,124734.81967177331,"[898.90043353505234, 899.68903632121373, 900.04088251495273, 899.76945879727532]",148725.93967799135,9.570199296632413,-49.571895319119044,125.56600796993932
20,123516.48023101274,"[899.87975826836259, 900.0623786882918, 900.07760873194366, 899.77870185696543]",148725.93967799135,-15.318573536005873,1.611156732171704,137.3909437047362
21,124086.0625176621,"[900.09196725521838, 899.68961606192227, 899.88118424545564, 900.15142081192664]",148725.93967799135,-32.0629164992007,-11.632502561120566,134.04943173686988
22,124772.08462896488,"[900.29986738186687, 899.26218658586583, 899.84032135097607, 900.05369521944669]",148725.93967799135,12.623593727660339,-43.19492206940411,127.09989516156458
23,123748.19626553066,"[900.02272923125065, 899.58177097806993, 899.28515916854133, 900.39229639686096]",148725.93967799135,12.763341973175468,-20.43718144163039,136.60547347389556
24,123459.99426984078,"[899.81866579453799, 900.4325501657587, 900.4551700571551, 900.39442256587881]",148725.93967799135,7.848213983926624,-4.102491904245305,138.30912213756142
25,122811.8806877492,"[900.36183318752921, 900.405971944616, 899.2778979112187, 900.42286223282258]",148725.93967799135,25.154458238948234,-7.491766326415483,138.98272962686377
26,124256.0473723097,"[899.84298049112147, 900.01852700270308, 900.3955946017295, 900.2125746347258]",148725.93967799135,-37.47072008217233,-7.964123675971554,129.76889447137097
27,123741.83799606275,"[899.85543576646842, 900.15444324274858, 900.61424090611456, 900.15372409702002]",148725.93967799135,-11.220176059582759,15.28454553031594,137.11632636582274
28,113348.15416958688,"[899.82021253060657, 900.26216223422898, 899.8755533748448, 899.4402802530069]",148725.93967799135,48.750427134543685,41.216520564634465,222.53395506263556
29,117817.0651688036,"[899.76903471214825, 900.34816773165051, 900.16405967291564, 900.15061197473744]",148725.93967799135,42.49613196051141,28.65464334247443,174.82550600908306
30,124629.02378529112,"[900.13141258028327, 899.62154791556338, 899.72351082359319, 899.62146427615505]",148725.93967799135,4.572834271312587,-44.88128138051247,129.62548667557184
31,123209.84516451615,"[900.36494074079553, 900.86696721408532, 899.76357084708661, 900.14647488264814]",148725.93967799135,-4.407912152969671,26.771368072339317,139.85360813502086
32,124004.44112946755,"[899.80538746332502, 899.72040487354707, 900.16061636669724, 899.72896100743731]",148725.93967799135,-34.84340159602639,13.823370634641947,132.0421466635083
33,125786.50158128036,"[899.84443400652469, 899.6861983138574, 900.08084552132652, 899.83837780333192]",148725.93967799135,-54.790090645970146,-15.170358379381621,120.45630447429811
34,123868.24899968402,"[899.92663733417805, 900.01529129181824, 899.36392956255031, 899.71800441596042]",148725.93967799135,-24.03422808306009,5.140121251929576,135.24516278336714
35,123360.53190451436,"[899.7157892117857, 900.45455875166863, 900.64038222884653, 899.55262383380568]",148725.93967799135,2.5978103162186876,6.419963952128062,138.8386012178364
36,122976.50023321819,"[899.48539028171206, 900.13171268363214, 900.73913385843753, 899.1647834331452]",148725.93967799135,12.736878597907387,19.972749984954046,140.82013260022995
37,125573.10929235604,"[900.57531208212447, 899.65556743895274, 900.63271181894379, 899.57231199736168]",148725.93967799135,-54.740704929030855,-9.815359368002413,119.2348980924345
38,123912.31311285347,"[900.54612139302867, 900.06739312984519, 900.02796116178445, 899.9809408479191]",148725.93967799135,-6.512245264461798,-38.8666893399818,134.86323157369935
39,123641.48096378638,"[900.32276663593473, 900.28060871601167, 900.30113894513454, 899.70764418853628]",148725.93967799135,-6.3803251423545015,-12.677479736195133,137.26607643219234
40,123203.46129877114,"[900.05996873800302, 900.46320612768284, 899.60045343557204, 900.01446850843229]",148725.93967799135,-9.888303393576875,4.153846341673044,140.02113419702076
41,123510.4559580181,"[899.04081087209443, 899.99702650701113, 900.68474582365741, 900.38139235051335]",148725.93967799135,-14.26220501748674,-1.1947880704299079,137.87570557044745
42,121989.13222048667,"[899.91571783495397, 899.89694100076997, 899.70012399088762, 900.00654436928392]",148725.93967799135,-15.900895929205666,11.76669171649686,150.2333769799322
43,123121.0035066179,"[899.91839028545019, 900.78657825841572, 899.76425276585667, 900.67347155020411]",148725.93967799135,7.233016615236227,-4.516846213165591,141.6111567082302
44,123573.10903200247,"[900.12639445842262, 900.01832528409807, 899.84514754655675, 900.12105248852322]",148725.93967799135,2.9350500991973836,13.64313746675944,138.01228086733462
45,123631.27865935434,"[899.71899881036029, 900.26311225507982, 900.87644099628665, 900.50529441478329]",148725.93967799135,10.560809134083826,-9.4201369193886,137.69570903683461
46,123494.47732700402,"[900.29171168897551, 899.97901874911372, 900.55481008698382, 900.1501878096808]",148725.93967799135,-9.429466696418444,-4.429974309638581,138.12181950447405
47,122020.87797502136,"[900.36752006708059, 899.70600887544072, 900.0116149530578, 900.17266233919554]",148725.93967799135,21.358846865804367,2.1599868776242936,143.34171424676063
48,123257.22917981916,"[899.35201351547278, 901.12035998456349, 900.13508565803295, 900.00690490452621]",148725.93967799135,-15.170849996799962,10.552087363921139,139.4989490367563
49,122683.18001915267,"[900.39819109666905, 899.8847527088933, 899.68275196457148, 900.52470377990437]",148725.93967799135,22.44578507310736,18.377727132261228,142.38936177381635
50,123930.69789703486,"[900.04093982910422, 899.61705375749409, 899.74502781523745, 899.38240834450392]",148725.93967799135,-25.928214790959377,2.726732392527857,135.3677105780559
51,123834.1437974215,"[899.80778571491362, 899.87818892531675, 899.98896153907856, 900.18053855189805]",148725.93967799135,62.559625437930244,-95.5121718766224,118.1913230207378
52,127819.38943583348,"[899.91744760288475, 900.59749822933827, 900.20450694173894, 899.47693250078487]",148725.93967799135,-45.112262529056736,-60.83797897612086,100.8974793115219
53,123708.12568285874,"[900.1350857354463, 899.90268877054291, 900.79225699482902, 900.31930216497437]",148725.93967799135,-8.514460553273361,-17.120818514508642,136.51758237369899
54,123501.74768020162,"[900.45308191798551, 900.08035561188797, 899.6584262810162, 899.78333481771426]",148725.93967799135,4.550696839278955,11.10175979262173,138.387226603567
55,121085.50830671874,"[899.93115919895206, 900.25346982444887, 899.72244166862447, 900.31987819558231]",148725.93967799135,23.884337144756742,13.35977882833268,155.38653312555658
56,126260.2403430524,"[900.12293166126562, 899.90218710628631, 899.85405883826957, 900.15866644333551]",148725.93967799135,-58.68223366598895,-20.410514851778814,116.86151713477248
57,123195.17130600566,"[900.26710143143771, 899.95010370108389, 900.05580949280557, 900.29829184353366]",148725.93967799135,9.56841691769062,0.18077431492616444,139.13187398376823
58,125756.7922237126,"[899.95111938641935, 899.72651935848592, 900.10718284864981, 899.20967609968]",148725.93967799135,-43.7116737712186,-40.88708788587893,116.38748747908147
59,121926.37833998968,"[899.80636236574378, 899.95128992091827, 899.40773884469741, 899.94423256733774]",148725.93967799135,12.329355948333381,23.71829165888014,147.12480556064946
60,124760.70110793659,"[900.27319535106324, 900.15791315200136, 899.50636443347207, 900.09701991867223]",148725.93967799135,17.23137773448737,-65.42438079651019,125.59254654621004
61,120813.02515432103,"[900.02727565134091, 899.75968416687579, 900.42339257219066, 900.33814987104836]",148725.93967799135,-22.07435251105176,13.426926559013959,154.69139431116838
62,122604.13608363888,"[899.3835448414485, 898.93823857018833, 900.11469101413002, 900.22569382093923]",148725.93967799135,5.99654935093243,-7.625457348541461,145.32744602747582
63,123691.64618240473,"[900.2149443134241, 900.25217072903865, 900.12532923092544, 900.17041523454736]",148725.93967799135,14.434708921114277,-15.149964929759577,136.63845332248428
64,123466.10459995236,"[899.48011000237443, 900.08143443280403, 899.86001194495475, 899.68013667133266]",148725.93967799135,19.35585747537363,3.4879177231006526,137.9992924544945
65,123408.74313132587,"[899.8967747427447, 899.76769546851403, 900.32530308668072, 899.73917142680978]",148725.93967799135,30.824245150774523,-37.830668042866094,137.72727007130973
66,123567.46518571393,"[899.30802747187477, 899.8275480741512, 900.03697605008358, 899.96426756155336]",148725.93967799135,6.432877682769252,-12.08816522865982,137.58970814924916
67,123808.03922025215,"[900.3331357110701, 899.55967871456289, 900.25788317047477, 900.67360393502042]",148725.93967799135,-23.293585589984097,-7.081881853245815,135.46219389660308
68,123558.55342658877,"[899.53957861866945, 899.37412466576109, 900.20894427705969, 899.36747758865113]",148725.93967799135,-5.2082566170178115,27.697751517744233,136.227833462476
69,123146.38069826405,"[899.79721946046357, 899.99148386072693, 899.58539988206644, 900.23636148723824]",148725.93967799135,8.361921712065252,7.409643431704689,141.90460506251674
70,123499.6441196553,"[900.42429840991417, 899.89360115653255, 900.41969675808491, 900.43398798203748]",148725.93967799135,8.581669264063297,5.654040950361949,138.06503161333612
71,123472.35991456927,"[899.61498940983199, 900.09608855370584, 900.54809162201366, 899.41419169038272]",148725.93967799135,-7.791293955656516,-2.37376343962626,138.6889769116016
72,122413.10086676375,"[900.40571305253184, 900.05874688587062, 899.79463745602607, 899.70620704774888]",148725.93967799135,2.2659977663746416,-6.877086865665105,146.00776900526284
73,123900.80450820106,"[900.59821934745969, 900.32389745834303, 899.85804406179875, 899.82292665013529]",148725.93967799135,12.414500673022319,-25.564741408147942,134.0762473236211
74,123760.87514530233,"[899.60497895641265, 900.47231405926868, 900.09819243734592, 899.49346199263493]",148725.93967799135,-28.229308371802073,21.09677070724218,133.49990109982753
75,123488.65533307209,"[900.19631699504646, 900.10666314160324, 899.81442839669933, 899.58431665908722]",148725.93967799135,3.380593601228588,6.60718890943724,138.3208783023739
76,123472.87760158541,"[900.02492949824637, 899.54349736769075, 899.41617051167873, 899.49876587729887]",148725.93967799135,-8.871834006347791,-9.10342044496422,137.6928813822276
77,123167.80995581509,"[900.25912437369971, 899.49084562189864, 900.13992049054229, 900.03558720868102]",148725.93967799135,21.43453930929035,-39.93478286055439,137.06119287233363
78,123101.63425872503,"[899.85915590078787, 900.65007235201881, 899.96648161633129, 899.57080414950553]",148725.93967799135,30.021385846108668,15.99219237706503,140.3195851285721
79,121890.75569576285,"[899.5734833417896, 899.86954885562034, 899.12851990272054, 900.01739632299075]",148725.93967799135,5.236633071405462,32.25729550159826,147.49288295058187
80,125146.45885415796,"[900.37953447150949, 900.13973733385103, 900.49085769808471, 900.58789546878404]",148725.93967799135,1.6833211818715141,-62.302059554756006,125.97053053388771
81,122337.77625633882,"[900.00618974256975, 900.19480437483151, 899.96672652471307, 900.29652845601584]",148725.93967799135,27.810577230192507,22.059592722182863,142.82178211097312
82,115523.97764926184,"[900.2683798568529, 899.46232470369944, 899.73683275166661, 900.20821573477076]",148725.93967799135,-24.106500566985353,25.63628266742064,203.41883872335885
83,118618.62055827247,"[899.91496731422126, 900.30056912300734, 900.67274006144601, 900.4047019529803]",148725.93967799135,27.31559049502101,-46.5512471455911,176.879941452097
84,121836.79449885021,"[900.13994928153761, 899.8587787684786, 900.61687340438846, 900.09842408591066]",148725.93967799135,31.980088643421546,18.172111336422745,146.9491322586292
85,123276.03262871169,"[900.43045672234507, 899.43842927617868, 900.42012051816437, 899.81749524221459]",148725.93967799135,17.251636515416294,-9.02786676459219,138.0469929741011
86,123637.67632177791,"[899.791477893109, 900.08395556709661, 900.34167415617821, 899.49176920153946]",148725.93967799135,13.073390218655145,-37.93649700124206,135.20519165945052
87,125207.00004678757,"[900.13513663231322, 900.03654792347982, 900.11176987908539, 900.46463124103366]",148725.93967799135,36.046312654483884,-51.39433497294125,119.37853815810655
88,129553.23842480019,"[900.38254431111568, 899.82139323054855, 899.48431201070639, 900.35900839389853]",148725.93967799135,-80.26352520791723,-0.31235947163216016,89.56553037058573
89,121561.01243587848,"[900.70427471120991, 899.95661943561083, 900.00524710630089, 900.57251027621487]",148725.93967799135,20.76001968604193,20.91363040847478,147.53435432013035
90,122618.63895959745,"[900.54386880141169, 900.5263800636211, 899.82638158659302, 900.45282972932148]",148725.93967799135,-12.590627895752181,34.71065601443521,145.15901556974086
91,119925.95033936448,"[900.35547042983023, 899.65382005614788, 899.91696860336344, 899.89091634291242]",148725.93967799135,32.17131119541554,-11.582070292493565,163.08699254654763
92,123544.72699892927,"[900.02489363745804, 899.34058544252377, 900.22735545893613, 899.99479317974203]",148725.93967799135,14.993574272188889,-0.40860137992447587,138.84315878822102
93,123182.62467291865,"[900.10889479383854, 899.53715303350009, 899.42767667241549, 899.88329690876924]",148725.93967799135,1.0559856246897765,29.366406249085774,141.6791465121763
94,120741.97545759482,"[899.88991537577067, 899.47117465435133, 899.46490892521263, 899.41761186021301]",148725.93967799135,35.54029696104874,21.274208446466442,155.37214058315257
95,123434.63238304539,"[899.51791109975943, 900.38990578255857, 899.60090797803059, 899.37285864696128]",148725.93967799135,-1.8509500249433228,19.093580242931456,138.9073419692321
96,123525.8774554836,"[900.34721955699251, 900.78335149565237, 900.57480455465293, 900.07586308998248]",148725.93967799135,-11.84054046459174,6.651785410614764,139.1143123744786
97,124173.19195030427,"[900.12448099333528, 899.49346558301761, 900.7454664582815, 900.32911747365461]",148725.93967799135,-35.73473578116811,12.094002188470814,131.13254463388336
98,123441.02218012039,"[899.74101053566244, 900.37448732475855, 899.85613366012888, 900.26344816628534]",148725.93967799135,-2.4114499505373845,12.9065969060136,138.8408654714002
99,124752.43132207877,"[900.28588316188575, 900.27094110546909, 899.39709729720471, 899.76353798489583]",148725.93967799135,16.953890354787223,-60.55781691001826,124.21605751706541
100,123866.52684235579,"[899.92060629905791, 899.57683958674579, 900.3462263357851, 899.95576877661108]",148725.93967799135,-29.02883250239095,-10.39791861301343,133.00386008278542
